MISC FA EXP,2009,15909126 AMMO DUMP INTERNATIONAL LLC 1556 S STATE ROAD 53 MADISON FL 28
MISC FA EXP,2010,15909126 AMMO DUMP INTERNATIONAL LLC 1556 S STATE ROAD 53 MADISON FL 1
MISC FA EXP,2010,15909126 AMMO DUMP INTERNATIONAL LLC 1556 S STATE ROAD 53 MADISON FL 10
MISC FA EXP,2011,15909126 AMMO DUMP INTERNATIONAL LLC 1556 S STATE ROAD 53 MADISON FL 2
MISC FA MFG,2009,15909126 AMMO DUMP INTERNATIONAL LLC 1556 S STATE ROAD 53 MADISON FL 28
MISC FA MFG,2010,15909126 AMMO DUMP INTERNATIONAL LLC 1556 S STATE ROAD 53 MADISON FL 1
MISC FA MFG,2010,15909126 AMMO DUMP INTERNATIONAL LLC 1556 S STATE ROAD 53 MADISON FL 10
MISC FA MFG,2011,15909126 AMMO DUMP INTERNATIONAL LLC 1556 S STATE ROAD 53 MADISON FL 2
MISC FA MFG,2015,15909126 AMMO DUMP INTERNATIONAL LLC 1556 S STATE ROAD 53 MADISON FL 2
MISC FA MFG,2018,15909126 AMMO DUMP INTERNATIONAL LLC 1556 S STATE ROAD 53 MADISON FL 19
PISTOL EXP,2009,15909126 AMMO DUMP INTERNATIONAL LLC 1556 S STATE ROAD 53 MADISON FL 28
PISTOL EXP,2010,15909126 AMMO DUMP INTERNATIONAL LLC 1556 S STATE ROAD 53 MADISON FL 1
PISTOL EXP,2010,15909126 AMMO DUMP INTERNATIONAL LLC 1556 S STATE ROAD 53 MADISON FL 10
PISTOL EXP,2011,15909126 AMMO DUMP INTERNATIONAL LLC 1556 S STATE ROAD 53 MADISON FL 2
PISTOL EXP,2014,15909126 AMMO DUMP INTERNATIONAL LLC 1556 S STATE ROAD 53 MADISON FL 17
PISTOL EXP,2015,15909126 AMMO DUMP INTERNATIONAL LLC 1556 S STATE ROAD 53 MADISON FL 121
PISTOL EXP,2015,15909126 AMMO DUMP INTERNATIONAL LLC 1556 S STATE ROAD 53 MADISON FL 2
PISTOL EXP,2016,15909126 AMMO DUMP INTERNATIONAL LLC 1556 S STATE ROAD 53 MADISON FL 192
PISTOL EXP,2017,15909126 AMMO DUMP INTERNATIONAL LLC 1556 S STATE ROAD 53 MADISON FL 108
PISTOL EXP,2018,15909126 AMMO DUMP INTERNATIONAL LLC 1556 S STATE ROAD 53 MADISON FL 19
PISTOL EXP,2018,15909126 AMMO DUMP INTERNATIONAL LLC 1556 S STATE ROAD 53 MADISON FL 99
PISTOLS MFG,2009,15909126 AMMO DUMP INTERNATIONAL LLC 1556 S STATE ROAD 53 MADISON FL 28
PISTOLS MFG,2010,15909126 AMMO DUMP INTERNATIONAL LLC 1556 S STATE ROAD 53 MADISON FL 1
PISTOLS MFG,2010,15909126 AMMO DUMP INTERNATIONAL LLC 1556 S STATE ROAD 53 MADISON FL 10
PISTOLS MFG,2011,15909126 AMMO DUMP INTERNATIONAL LLC 1556 S STATE ROAD 53 MADISON FL 2
PISTOLS MFG,2014,15909126 AMMO DUMP INTERNATIONAL LLC 1556 S STATE ROAD 53 MADISON FL 17
PISTOLS MFG,2015,15909126 AMMO DUMP INTERNATIONAL LLC 1556 S STATE ROAD 53 MADISON FL 121
PISTOLS MFG,2015,15909126 AMMO DUMP INTERNATIONAL LLC 1556 S STATE ROAD 53 MADISON FL 2
PISTOLS MFG,2016,15909126 AMMO DUMP INTERNATIONAL LLC 1556 S STATE ROAD 53 MADISON FL 192
PISTOLS MFG,2017,15909126 AMMO DUMP INTERNATIONAL LLC 1556 S STATE ROAD 53 MADISON FL 108
PISTOLS MFG,2018,15909126 AMMO DUMP INTERNATIONAL LLC 1556 S STATE ROAD 53 MADISON FL 19
PISTOLS MFG,2018,15909126 AMMO DUMP INTERNATIONAL LLC 1556 S STATE ROAD 53 MADISON FL 99
RIFLE EXP,2009,15909126 AMMO DUMP INTERNATIONAL LLC 1556 S STATE ROAD 53 MADISON FL 28
RIFLE EXP,2010,15909126 AMMO DUMP INTERNATIONAL LLC 1556 S STATE ROAD 53 MADISON FL 1
RIFLE EXP,2010,15909126 AMMO DUMP INTERNATIONAL LLC 1556 S STATE ROAD 53 MADISON FL 10
RIFLE EXP,2011,15909126 AMMO DUMP INTERNATIONAL LLC 1556 S STATE ROAD 53 MADISON FL 2
RIFLE EXP,2014,15909126 AMMO DUMP INTERNATIONAL LLC 1556 S STATE ROAD 53 MADISON FL 17
RIFLE EXP,2015,15909126 AMMO DUMP INTERNATIONAL LLC 1556 S STATE ROAD 53 MADISON FL 121
RIFLE EXP,2015,15909126 AMMO DUMP INTERNATIONAL LLC 1556 S STATE ROAD 53 MADISON FL 2
RIFLE EXP,2016,15909126 AMMO DUMP INTERNATIONAL LLC 1556 S STATE ROAD 53 MADISON FL 192
RIFLE EXP,2017,15909126 AMMO DUMP INTERNATIONAL LLC 1556 S STATE ROAD 53 MADISON FL 108
RIFLE EXP,2018,15909126 AMMO DUMP INTERNATIONAL LLC 1556 S STATE ROAD 53 MADISON FL 19
RIFLE EXP,2018,15909126 AMMO DUMP INTERNATIONAL LLC 1556 S STATE ROAD 53 MADISON FL 99
RIFLE MFG,2009,15909126 AMMO DUMP INTERNATIONAL LLC 1556 S STATE ROAD 53 MADISON FL 28
RIFLE MFG,2010,15909126 AMMO DUMP INTERNATIONAL LLC 1556 S STATE ROAD 53 MADISON FL 1
RIFLE MFG,2010,15909126 AMMO DUMP INTERNATIONAL LLC 1556 S STATE ROAD 53 MADISON FL 10
RIFLE MFG,2011,15909126 AMMO DUMP INTERNATIONAL LLC 1556 S STATE ROAD 53 MADISON FL 2
RIFLE MFG,2014,15909126 AMMO DUMP INTERNATIONAL LLC 1556 S STATE ROAD 53 MADISON FL 17
RIFLE MFG,2015,15909126 AMMO DUMP INTERNATIONAL LLC 1556 S STATE ROAD 53 MADISON FL 121
RIFLE MFG,2015,15909126 AMMO DUMP INTERNATIONAL LLC 1556 S STATE ROAD 53 MADISON FL 2
RIFLE MFG,2016,15909126 AMMO DUMP INTERNATIONAL LLC 1556 S STATE ROAD 53 MADISON FL 192
RIFLE MFG,2017,15909126 AMMO DUMP INTERNATIONAL LLC 1556 S STATE ROAD 53 MADISON FL 108
RIFLE MFG,2018,15909126 AMMO DUMP INTERNATIONAL LLC 1556 S STATE ROAD 53 MADISON FL 19
RIFLE MFG,2018,15909126 AMMO DUMP INTERNATIONAL LLC 1556 S STATE ROAD 53 MADISON FL 99
RVLR EXP,2009,15909126 AMMO DUMP INTERNATIONAL LLC 1556 S STATE ROAD 53 MADISON FL 28
RVLR EXP,2010,15909126 AMMO DUMP INTERNATIONAL LLC 1556 S STATE ROAD 53 MADISON FL 1
RVLR EXP,2010,15909126 AMMO DUMP INTERNATIONAL LLC 1556 S STATE ROAD 53 MADISON FL 10
RVLR EXP,2011,15909126 AMMO DUMP INTERNATIONAL LLC 1556 S STATE ROAD 53 MADISON FL 2
RVLR EXP,2014,15909126 AMMO DUMP INTERNATIONAL LLC 1556 S STATE ROAD 53 MADISON FL 17
RVLR EXP,2015,15909126 AMMO DUMP INTERNATIONAL LLC 1556 S STATE ROAD 53 MADISON FL 121
RVLR EXP,2015,15909126 AMMO DUMP INTERNATIONAL LLC 1556 S STATE ROAD 53 MADISON FL 2
RVLR EXP,2016,15909126 AMMO DUMP INTERNATIONAL LLC 1556 S STATE ROAD 53 MADISON FL 192
RVLR EXP,2017,15909126 AMMO DUMP INTERNATIONAL LLC 1556 S STATE ROAD 53 MADISON FL 108
RVLR EXP,2018,15909126 AMMO DUMP INTERNATIONAL LLC 1556 S STATE ROAD 53 MADISON FL 19
RVLR EXP,2018,15909126 AMMO DUMP INTERNATIONAL LLC 1556 S STATE ROAD 53 MADISON FL 99
RVLR MFG,2009,15909126 AMMO DUMP INTERNATIONAL LLC 1556 S STATE ROAD 53 MADISON FL 28
RVLR MFG,2010,15909126 AMMO DUMP INTERNATIONAL LLC 1556 S STATE ROAD 53 MADISON FL 1
RVLR MFG,2010,15909126 AMMO DUMP INTERNATIONAL LLC 1556 S STATE ROAD 53 MADISON FL 10
RVLR MFG,2011,15909126 AMMO DUMP INTERNATIONAL LLC 1556 S STATE ROAD 53 MADISON FL 2
RVLR MFG,2014,15909126 AMMO DUMP INTERNATIONAL LLC 1556 S STATE ROAD 53 MADISON FL 17
RVLR MFG,2015,15909126 AMMO DUMP INTERNATIONAL LLC 1556 S STATE ROAD 53 MADISON FL 121
RVLR MFG,2015,15909126 AMMO DUMP INTERNATIONAL LLC 1556 S STATE ROAD 53 MADISON FL 2
RVLR MFG,2016,15909126 AMMO DUMP INTERNATIONAL LLC 1556 S STATE ROAD 53 MADISON FL 192
RVLR MFG,2017,15909126 AMMO DUMP INTERNATIONAL LLC 1556 S STATE ROAD 53 MADISON FL 108
RVLR MFG,2018,15909126 AMMO DUMP INTERNATIONAL LLC 1556 S STATE ROAD 53 MADISON FL 19
RVLR MFG,2018,15909126 AMMO DUMP INTERNATIONAL LLC 1556 S STATE ROAD 53 MADISON FL 99
SHOTGUN EXP,2009,15909126 AMMO DUMP INTERNATIONAL LLC 1556 S STATE ROAD 53 MADISON FL 28
SHOTGUN EXP,2010,15909126 AMMO DUMP INTERNATIONAL LLC 1556 S STATE ROAD 53 MADISON FL 1
SHOTGUN EXP,2010,15909126 AMMO DUMP INTERNATIONAL LLC 1556 S STATE ROAD 53 MADISON FL 10
SHOTGUN EXP,2011,15909126 AMMO DUMP INTERNATIONAL LLC 1556 S STATE ROAD 53 MADISON FL 2
SHOTGUN EXP,2014,15909126 AMMO DUMP INTERNATIONAL LLC 1556 S STATE ROAD 53 MADISON FL 17
SHOTGUN EXP,2015,15909126 AMMO DUMP INTERNATIONAL LLC 1556 S STATE ROAD 53 MADISON FL 121
SHOTGUN EXP,2015,15909126 AMMO DUMP INTERNATIONAL LLC 1556 S STATE ROAD 53 MADISON FL 2
SHOTGUN EXP,2016,15909126 AMMO DUMP INTERNATIONAL LLC 1556 S STATE ROAD 53 MADISON FL 192
SHOTGUN EXP,2017,15909126 AMMO DUMP INTERNATIONAL LLC 1556 S STATE ROAD 53 MADISON FL 108
SHOTGUN EXP,2018,15909126 AMMO DUMP INTERNATIONAL LLC 1556 S STATE ROAD 53 MADISON FL 19
SHOTGUN EXP,2018,15909126 AMMO DUMP INTERNATIONAL LLC 1556 S STATE ROAD 53 MADISON FL 99
SHOTGUN MFG,2009,15909126 AMMO DUMP INTERNATIONAL LLC 1556 S STATE ROAD 53 MADISON FL 28
SHOTGUN MFG,2010,15909126 AMMO DUMP INTERNATIONAL LLC 1556 S STATE ROAD 53 MADISON FL 1
SHOTGUN MFG,2010,15909126 AMMO DUMP INTERNATIONAL LLC 1556 S STATE ROAD 53 MADISON FL 10
SHOTGUN MFG,2011,15909126 AMMO DUMP INTERNATIONAL LLC 1556 S STATE ROAD 53 MADISON FL 2
SHOTGUN MFG,2014,15909126 AMMO DUMP INTERNATIONAL LLC 1556 S STATE ROAD 53 MADISON FL 17
SHOTGUN MFG,2015,15909126 AMMO DUMP INTERNATIONAL LLC 1556 S STATE ROAD 53 MADISON FL 121
SHOTGUN MFG,2015,15909126 AMMO DUMP INTERNATIONAL LLC 1556 S STATE ROAD 53 MADISON FL 2
SHOTGUN MFG,2016,15909126 AMMO DUMP INTERNATIONAL LLC 1556 S STATE ROAD 53 MADISON FL 192
SHOTGUN MFG,2017,15909126 AMMO DUMP INTERNATIONAL LLC 1556 S STATE ROAD 53 MADISON FL 108
SHOTGUN MFG,2018,15909126 AMMO DUMP INTERNATIONAL LLC 1556 S STATE ROAD 53 MADISON FL 19
SHOTGUN MFG,2018,15909126 AMMO DUMP INTERNATIONAL LLC 1556 S STATE ROAD 53 MADISON FL 99
