MISC FA EXP,2007,16203124 ALLEN'S GUN SHOP, INC 925 DOVER RD CLARKSVILLE TN 7
MISC FA EXP,2008,16203124 ALLEN'S GUN SHOP, INC 925 DOVER RD CLARKSVILLE TN 28
MISC FA EXP,2009,16203124 ALLEN'S GUN SHOP, INC 925 DOVER RD CLARKSVILLE TN 11
MISC FA EXP,2012,16203124 ALLEN'S GUN SHOP, INC 925 DOVER RD CLARKSVILLE TN 1
MISC FA MFG,2007,16203124 ALLEN'S GUN SHOP, INC 925 DOVER RD CLARKSVILLE TN 7
MISC FA MFG,2008,16203124 ALLEN'S GUN SHOP, INC 925 DOVER RD CLARKSVILLE TN 28
MISC FA MFG,2009,16203124 ALLEN'S GUN SHOP, INC 925 DOVER RD CLARKSVILLE TN 11
MISC FA MFG,2012,16203124 ALLEN'S GUN SHOP, INC 925 DOVER RD CLARKSVILLE TN 1
PISTOL EXP,2007,16203124 ALLEN'S GUN SHOP, INC 925 DOVER RD CLARKSVILLE TN 7
PISTOL EXP,2008,16203124 ALLEN'S GUN SHOP, INC 925 DOVER RD CLARKSVILLE TN 28
PISTOL EXP,2009,16203124 ALLEN'S GUN SHOP, INC 925 DOVER RD CLARKSVILLE TN 11
PISTOL EXP,2012,16203124 ALLEN'S GUN SHOP, INC 925 DOVER RD CLARKSVILLE TN 1
PISTOLS MFG,2007,16203124 ALLEN'S GUN SHOP, INC 925 DOVER RD CLARKSVILLE TN 7
PISTOLS MFG,2008,16203124 ALLEN'S GUN SHOP, INC 925 DOVER RD CLARKSVILLE TN 28
PISTOLS MFG,2009,16203124 ALLEN'S GUN SHOP, INC 925 DOVER RD CLARKSVILLE TN 11
PISTOLS MFG,2012,16203124 ALLEN'S GUN SHOP, INC 925 DOVER RD CLARKSVILLE TN 1
RIFLE EXP,2007,16203124 ALLEN'S GUN SHOP, INC 925 DOVER RD CLARKSVILLE TN 7
RIFLE EXP,2008,16203124 ALLEN'S GUN SHOP, INC 925 DOVER RD CLARKSVILLE TN 28
RIFLE EXP,2009,16203124 ALLEN'S GUN SHOP, INC 925 DOVER RD CLARKSVILLE TN 11
RIFLE EXP,2012,16203124 ALLEN'S GUN SHOP, INC 925 DOVER RD CLARKSVILLE TN 1
RIFLE MFG,2007,16203124 ALLEN'S GUN SHOP, INC 925 DOVER RD CLARKSVILLE TN 7
RIFLE MFG,2008,16203124 ALLEN'S GUN SHOP, INC 925 DOVER RD CLARKSVILLE TN 28
RIFLE MFG,2009,16203124 ALLEN'S GUN SHOP, INC 925 DOVER RD CLARKSVILLE TN 11
RIFLE MFG,2012,16203124 ALLEN'S GUN SHOP, INC 925 DOVER RD CLARKSVILLE TN 1
RVLR EXP,2007,16203124 ALLEN'S GUN SHOP, INC 925 DOVER RD CLARKSVILLE TN 7
RVLR EXP,2008,16203124 ALLEN'S GUN SHOP, INC 925 DOVER RD CLARKSVILLE TN 28
RVLR EXP,2009,16203124 ALLEN'S GUN SHOP, INC 925 DOVER RD CLARKSVILLE TN 11
RVLR EXP,2012,16203124 ALLEN'S GUN SHOP, INC 925 DOVER RD CLARKSVILLE TN 1
RVLR MFG,2007,16203124 ALLEN'S GUN SHOP, INC 925 DOVER RD CLARKSVILLE TN 7
RVLR MFG,2008,16203124 ALLEN'S GUN SHOP, INC 925 DOVER RD CLARKSVILLE TN 28
RVLR MFG,2009,16203124 ALLEN'S GUN SHOP, INC 925 DOVER RD CLARKSVILLE TN 11
RVLR MFG,2012,16203124 ALLEN'S GUN SHOP, INC 925 DOVER RD CLARKSVILLE TN 1
SHOTGUN EXP,2007,16203124 ALLEN'S GUN SHOP, INC 925 DOVER RD CLARKSVILLE TN 7
SHOTGUN EXP,2008,16203124 ALLEN'S GUN SHOP, INC 925 DOVER RD CLARKSVILLE TN 28
SHOTGUN EXP,2009,16203124 ALLEN'S GUN SHOP, INC 925 DOVER RD CLARKSVILLE TN 11
SHOTGUN EXP,2012,16203124 ALLEN'S GUN SHOP, INC 925 DOVER RD CLARKSVILLE TN 1
SHOTGUN MFG,2007,16203124 ALLEN'S GUN SHOP, INC 925 DOVER RD CLARKSVILLE TN 7
SHOTGUN MFG,2008,16203124 ALLEN'S GUN SHOP, INC 925 DOVER RD CLARKSVILLE TN 28
SHOTGUN MFG,2009,16203124 ALLEN'S GUN SHOP, INC 925 DOVER RD CLARKSVILLE TN 11
SHOTGUN MFG,2012,16203124 ALLEN'S GUN SHOP, INC 925 DOVER RD CLARKSVILLE TN 1
