MISC FA MFG,2015,33907420 SELECT FIRE WEAPONRY LLC 2325 PARKLAWN DRIVE UNIT B WAUKESHA WI 2
PISTOL EXP,2015,33907420 SELECT FIRE WEAPONRY LLC 2325 PARKLAWN DRIVE UNIT B WAUKESHA WI 2
PISTOL EXP,2015,33907420 SELECT FIRE WEAPONRY LLC 2325 PARKLAWN DRIVE UNIT B WAUKESHA WI 6
PISTOL EXP,2016,33907420 SELECT FIRE WEAPONRY LLC 2325 PARKLAWN DRIVE UNIT B WAUKESHA WI 2
PISTOLS MFG,2015,33907420 SELECT FIRE WEAPONRY LLC 2325 PARKLAWN DRIVE UNIT B WAUKESHA WI 2
PISTOLS MFG,2015,33907420 SELECT FIRE WEAPONRY LLC 2325 PARKLAWN DRIVE UNIT B WAUKESHA WI 6
PISTOLS MFG,2016,33907420 SELECT FIRE WEAPONRY LLC 2325 PARKLAWN DRIVE UNIT B WAUKESHA WI 2
RIFLE EXP,2015,33907420 SELECT FIRE WEAPONRY LLC 2325 PARKLAWN DRIVE UNIT B WAUKESHA WI 2
RIFLE EXP,2015,33907420 SELECT FIRE WEAPONRY LLC 2325 PARKLAWN DRIVE UNIT B WAUKESHA WI 6
RIFLE EXP,2016,33907420 SELECT FIRE WEAPONRY LLC 2325 PARKLAWN DRIVE UNIT B WAUKESHA WI 2
RIFLE MFG,2015,33907420 SELECT FIRE WEAPONRY LLC 2325 PARKLAWN DRIVE UNIT B WAUKESHA WI 2
RIFLE MFG,2015,33907420 SELECT FIRE WEAPONRY LLC 2325 PARKLAWN DRIVE UNIT B WAUKESHA WI 6
RIFLE MFG,2016,33907420 SELECT FIRE WEAPONRY LLC 2325 PARKLAWN DRIVE UNIT B WAUKESHA WI 2
RVLR EXP,2015,33907420 SELECT FIRE WEAPONRY LLC 2325 PARKLAWN DRIVE UNIT B WAUKESHA WI 2
RVLR EXP,2015,33907420 SELECT FIRE WEAPONRY LLC 2325 PARKLAWN DRIVE UNIT B WAUKESHA WI 6
RVLR EXP,2016,33907420 SELECT FIRE WEAPONRY LLC 2325 PARKLAWN DRIVE UNIT B WAUKESHA WI 2
RVLR MFG,2015,33907420 SELECT FIRE WEAPONRY LLC 2325 PARKLAWN DRIVE UNIT B WAUKESHA WI 2
RVLR MFG,2015,33907420 SELECT FIRE WEAPONRY LLC 2325 PARKLAWN DRIVE UNIT B WAUKESHA WI 6
RVLR MFG,2016,33907420 SELECT FIRE WEAPONRY LLC 2325 PARKLAWN DRIVE UNIT B WAUKESHA WI 2
SHOTGUN EXP,2015,33907420 SELECT FIRE WEAPONRY LLC 2325 PARKLAWN DRIVE UNIT B WAUKESHA WI 2
SHOTGUN EXP,2015,33907420 SELECT FIRE WEAPONRY LLC 2325 PARKLAWN DRIVE UNIT B WAUKESHA WI 6
SHOTGUN EXP,2016,33907420 SELECT FIRE WEAPONRY LLC 2325 PARKLAWN DRIVE UNIT B WAUKESHA WI 2
SHOTGUN MFG,2015,33907420 SELECT FIRE WEAPONRY LLC 2325 PARKLAWN DRIVE UNIT B WAUKESHA WI 2
SHOTGUN MFG,2015,33907420 SELECT FIRE WEAPONRY LLC 2325 PARKLAWN DRIVE UNIT B WAUKESHA WI 6
SHOTGUN MFG,2016,33907420 SELECT FIRE WEAPONRY LLC 2325 PARKLAWN DRIVE UNIT B WAUKESHA WI 2
