PISTOL EXP,2015,43506427 HOWDER ARMS LLC 8720 W STATE RD 58 NORMAN IN 1
PISTOL EXP,2016,43506427 HOWDER ARMS LLC 8720 W STATE RD 58 NORMAN IN 4
PISTOLS MFG,2015,43506427 HOWDER ARMS LLC 8720 W STATE RD 58 NORMAN IN 1
PISTOLS MFG,2016,43506427 HOWDER ARMS LLC 8720 W STATE RD 58 NORMAN IN 4
RIFLE EXP,2015,43506427 HOWDER ARMS LLC 8720 W STATE RD 58 NORMAN IN 1
RIFLE EXP,2016,43506427 HOWDER ARMS LLC 8720 W STATE RD 58 NORMAN IN 4
RIFLE MFG,2015,43506427 HOWDER ARMS LLC 8720 W STATE RD 58 NORMAN IN 1
RIFLE MFG,2016,43506427 HOWDER ARMS LLC 8720 W STATE RD 58 NORMAN IN 4
RVLR EXP,2015,43506427 HOWDER ARMS LLC 8720 W STATE RD 58 NORMAN IN 1
RVLR EXP,2016,43506427 HOWDER ARMS LLC 8720 W STATE RD 58 NORMAN IN 4
RVLR MFG,2015,43506427 HOWDER ARMS LLC 8720 W STATE RD 58 NORMAN IN 1
RVLR MFG,2016,43506427 HOWDER ARMS LLC 8720 W STATE RD 58 NORMAN IN 4
SHOTGUN EXP,2015,43506427 HOWDER ARMS LLC 8720 W STATE RD 58 NORMAN IN 1
SHOTGUN EXP,2016,43506427 HOWDER ARMS LLC 8720 W STATE RD 58 NORMAN IN 4
SHOTGUN MFG,2015,43506427 HOWDER ARMS LLC 8720 W STATE RD 58 NORMAN IN 1
SHOTGUN MFG,2016,43506427 HOWDER ARMS LLC 8720 W STATE RD 58 NORMAN IN 4
