MISC FA EXP,2000,60410395 SMITH & WESSON CORP 2100 ROOSEVELT AVE SPRINGFIELD MA 0 0 0 0 37042 32973 70015
MISC FA EXP,2000,60410395 SMITH & WESSON CORP 2100 ROOSEVELT AVE SPRINGFIELD MA 40414
MISC FA EXP,2000,60410395 SMITH & WESSON CORP 2100 ROOSEVELT AVE SPRINGFIELD MA 8608
MISC FA EXP,2000,60410395 SMITH & WESSON CORP 2100 ROOSEVELT AVE SPRINGFIELD MA 8645 136 47895 50729 19639 3543 130587
MISC FA EXP,2001,60410395 SMITH & WESSON CORP 2100 ROOSEVELT AVE SPRINGFIELD MA 0 0 0 0 32486 21182 53668
MISC FA EXP,2001,60410395 SMITH & WESSON CORP 2100 ROOSEVELT AVE SPRINGFIELD MA 26377
MISC FA EXP,2001,60410395 SMITH & WESSON CORP 2100 ROOSEVELT AVE SPRINGFIELD MA 9089
MISC FA EXP,2001,60410395 SMITH 8 WESSON CORP 2100 ROOSEVELT AVE SPRINGFIELD MA 4366 703 36068 40145 9088 1955 92325
MISC FA EXP,2002,60410395 SMITH & WESSON CORP 2100 ROOSEVELT AVE SPRINGFIELD MA 25810
MISC FA EXP,2002,60410395 SMITH & WESSON CORP 2100 ROOSEVELT AVE SPRINGFIELD MA 8002
MISC FA EXP,2002,60410395 SMITH 8 WESSON CORP 2100 ROOSEVELT AVE SPRINGFIELD MA 0 0 0 0 25445 28467 53912
MISC FA EXP,2002,60410395 SMITH 8 WESSON CORP 210078608EVELT AVE SPRINGFIELD MA 7169 1176 48723 41715 15399 3865 118047
MISC FA EXP,2003,60410395 SMITH & WESSON CORP 2100 ROOSEVELT AVE SPRINGFIELD MA 22058
MISC FA EXP,2003,60410395 SMITH & WESSON CORP 2100 ROOSEVELT AVE SPRINGFIELD MA 4844
MISC FA EXP,2003,60410395 SMITH 8 WESSON CORP 2100 ROOSEVELT AVE SPRINGFIELD MA 0 0 0 0 26020 40956 66976
MISC FA EXP,2003,60410395 SMITH 8 WESSON CORP 2100 ROOSEVELT AVE SPRINGFIELD MA 5701 512 34368 49639 18495 11683 120398
MISC FA EXP,2004,60410395 SMITH & WESSON CORP 2100 ROOSEVELT AVE SPRINGFIELD MA 0 0 0 32582 45321 77903
MISC FA EXP,2004,60410395 SMITH & WESSON CORP 2100 ROOSEVELT AVE SPRINGFIELD MA 20291
MISC FA EXP,2004,60410395 SMITH & WESSON CORP 2100 ROOSEVELT AVE SPRINGFIELD MA 6115
MISC FA EXP,2004,60410395 SMITH & WESSON CORP 2100 ROOSEVELT AVE SPRINGFIELD MA 6324 1768 37609 51840 18467 30081 146089
MISC FA MFG,2000,60410395 SMITH & WESSON CORP 2100 ROOSEVELT AVE SPRINGFIELD MA 0 0 0 0 37042 32973 70015
MISC FA MFG,2000,60410395 SMITH & WESSON CORP 2100 ROOSEVELT AVE SPRINGFIELD MA 40414
MISC FA MFG,2000,60410395 SMITH & WESSON CORP 2100 ROOSEVELT AVE SPRINGFIELD MA 8608
MISC FA MFG,2000,60410395 SMITH & WESSON CORP 2100 ROOSEVELT AVE SPRINGFIELD MA 8645 136 47895 50729 19639 3543 130587
MISC FA MFG,2001,60410395 SMITH & WESSON CORP 2100 ROOSEVELT AVE SPRINGFIELD MA 0 0 0 0 32486 21182 53668
MISC FA MFG,2001,60410395 SMITH & WESSON CORP 2100 ROOSEVELT AVE SPRINGFIELD MA 26377
MISC FA MFG,2001,60410395 SMITH & WESSON CORP 2100 ROOSEVELT AVE SPRINGFIELD MA 9089
MISC FA MFG,2001,60410395 SMITH 8 WESSON CORP 2100 ROOSEVELT AVE SPRINGFIELD MA 4366 703 36068 40145 9088 1955 92325
MISC FA MFG,2002,60410395 SMITH & WESSON CORP 2100 ROOSEVELT AVE SPRINGFIELD MA 25810
MISC FA MFG,2002,60410395 SMITH & WESSON CORP 2100 ROOSEVELT AVE SPRINGFIELD MA 8002
MISC FA MFG,2002,60410395 SMITH 8 WESSON CORP 2100 ROOSEVELT AVE SPRINGFIELD MA 0 0 0 0 25445 28467 53912
MISC FA MFG,2002,60410395 SMITH 8 WESSON CORP 210078608EVELT AVE SPRINGFIELD MA 7169 1176 48723 41715 15399 3865 118047
MISC FA MFG,2003,60410395 SMITH & WESSON CORP 2100 ROOSEVELT AVE SPRINGFIELD MA 22058
MISC FA MFG,2003,60410395 SMITH & WESSON CORP 2100 ROOSEVELT AVE SPRINGFIELD MA 4844
MISC FA MFG,2003,60410395 SMITH 8 WESSON CORP 2100 ROOSEVELT AVE SPRINGFIELD MA 0 0 0 0 26020 40956 66976
MISC FA MFG,2003,60410395 SMITH 8 WESSON CORP 2100 ROOSEVELT AVE SPRINGFIELD MA 5701 512 34368 49639 18495 11683 120398
MISC FA MFG,2004,60410395 SMITH & WESSON CORP 2100 ROOSEVELT AVE SPRINGFIELD MA 0 0 0 32582 45321 77903
MISC FA MFG,2004,60410395 SMITH & WESSON CORP 2100 ROOSEVELT AVE SPRINGFIELD MA 20291
MISC FA MFG,2004,60410395 SMITH & WESSON CORP 2100 ROOSEVELT AVE SPRINGFIELD MA 6115
MISC FA MFG,2004,60410395 SMITH & WESSON CORP 2100 ROOSEVELT AVE SPRINGFIELD MA 6324 1768 37609 51840 18467 30081 146089
PISTOL EXP,2000,60410395 SMITH & WESSON CORP 2100 ROOSEVELT AVE SPRINGFIELD MA 0 0 0 0 37042 32973 70015
PISTOL EXP,2000,60410395 SMITH & WESSON CORP 2100 ROOSEVELT AVE SPRINGFIELD MA 40414
PISTOL EXP,2000,60410395 SMITH & WESSON CORP 2100 ROOSEVELT AVE SPRINGFIELD MA 8608
PISTOL EXP,2000,60410395 SMITH & WESSON CORP 2100 ROOSEVELT AVE SPRINGFIELD MA 8645 136 47895 50729 19639 3543 130587
PISTOL EXP,2001,60410395 SMITH & WESSON CORP 2100 ROOSEVELT AVE SPRINGFIELD MA 0 0 0 0 32486 21182 53668
PISTOL EXP,2001,60410395 SMITH & WESSON CORP 2100 ROOSEVELT AVE SPRINGFIELD MA 26377
PISTOL EXP,2001,60410395 SMITH & WESSON CORP 2100 ROOSEVELT AVE SPRINGFIELD MA 9089
PISTOL EXP,2001,60410395 SMITH 8 WESSON CORP 2100 ROOSEVELT AVE SPRINGFIELD MA 4366 703 36068 40145 9088 1955 92325
PISTOL EXP,2002,60410395 SMITH & WESSON CORP 2100 ROOSEVELT AVE SPRINGFIELD MA 25810
PISTOL EXP,2002,60410395 SMITH & WESSON CORP 2100 ROOSEVELT AVE SPRINGFIELD MA 8002
PISTOL EXP,2002,60410395 SMITH 8 WESSON CORP 2100 ROOSEVELT AVE SPRINGFIELD MA 0 0 0 0 25445 28467 53912
PISTOL EXP,2002,60410395 SMITH 8 WESSON CORP 210078608EVELT AVE SPRINGFIELD MA 7169 1176 48723 41715 15399 3865 118047
PISTOL EXP,2003,60410395 SMITH & WESSON CORP 2100 ROOSEVELT AVE SPRINGFIELD MA 22058
PISTOL EXP,2003,60410395 SMITH & WESSON CORP 2100 ROOSEVELT AVE SPRINGFIELD MA 4844
PISTOL EXP,2003,60410395 SMITH 8 WESSON CORP 2100 ROOSEVELT AVE SPRINGFIELD MA 0 0 0 0 26020 40956 66976
PISTOL EXP,2003,60410395 SMITH 8 WESSON CORP 2100 ROOSEVELT AVE SPRINGFIELD MA 5701 512 34368 49639 18495 11683 120398
PISTOL EXP,2004,60410395 SMITH & WESSON CORP 2100 ROOSEVELT AVE SPRINGFIELD MA 0 0 0 32582 45321 77903
PISTOL EXP,2004,60410395 SMITH & WESSON CORP 2100 ROOSEVELT AVE SPRINGFIELD MA 20291
PISTOL EXP,2004,60410395 SMITH & WESSON CORP 2100 ROOSEVELT AVE SPRINGFIELD MA 6115
PISTOL EXP,2004,60410395 SMITH & WESSON CORP 2100 ROOSEVELT AVE SPRINGFIELD MA 6324 1768 37609 51840 18467 30081 146089
PISTOLS MFG,2000,60410395 SMITH & WESSON CORP 2100 ROOSEVELT AVE SPRINGFIELD MA 0 0 0 0 37042 32973 70015
PISTOLS MFG,2000,60410395 SMITH & WESSON CORP 2100 ROOSEVELT AVE SPRINGFIELD MA 40414
PISTOLS MFG,2000,60410395 SMITH & WESSON CORP 2100 ROOSEVELT AVE SPRINGFIELD MA 8608
PISTOLS MFG,2000,60410395 SMITH & WESSON CORP 2100 ROOSEVELT AVE SPRINGFIELD MA 8645 136 47895 50729 19639 3543 130587
PISTOLS MFG,2001,60410395 SMITH & WESSON CORP 2100 ROOSEVELT AVE SPRINGFIELD MA 0 0 0 0 32486 21182 53668
PISTOLS MFG,2001,60410395 SMITH & WESSON CORP 2100 ROOSEVELT AVE SPRINGFIELD MA 26377
PISTOLS MFG,2001,60410395 SMITH & WESSON CORP 2100 ROOSEVELT AVE SPRINGFIELD MA 9089
PISTOLS MFG,2001,60410395 SMITH 8 WESSON CORP 2100 ROOSEVELT AVE SPRINGFIELD MA 4366 703 36068 40145 9088 1955 92325
PISTOLS MFG,2002,60410395 SMITH & WESSON CORP 2100 ROOSEVELT AVE SPRINGFIELD MA 25810
PISTOLS MFG,2002,60410395 SMITH & WESSON CORP 2100 ROOSEVELT AVE SPRINGFIELD MA 8002
PISTOLS MFG,2002,60410395 SMITH 8 WESSON CORP 2100 ROOSEVELT AVE SPRINGFIELD MA 0 0 0 0 25445 28467 53912
PISTOLS MFG,2002,60410395 SMITH 8 WESSON CORP 210078608EVELT AVE SPRINGFIELD MA 7169 1176 48723 41715 15399 3865 118047
PISTOLS MFG,2003,60410395 SMITH & WESSON CORP 2100 ROOSEVELT AVE SPRINGFIELD MA 22058
PISTOLS MFG,2003,60410395 SMITH & WESSON CORP 2100 ROOSEVELT AVE SPRINGFIELD MA 4844
PISTOLS MFG,2003,60410395 SMITH 8 WESSON CORP 2100 ROOSEVELT AVE SPRINGFIELD MA 0 0 0 0 26020 40956 66976
PISTOLS MFG,2003,60410395 SMITH 8 WESSON CORP 2100 ROOSEVELT AVE SPRINGFIELD MA 5701 512 34368 49639 18495 11683 120398
PISTOLS MFG,2004,60410395 SMITH & WESSON CORP 2100 ROOSEVELT AVE SPRINGFIELD MA 0 0 0 32582 45321 77903
PISTOLS MFG,2004,60410395 SMITH & WESSON CORP 2100 ROOSEVELT AVE SPRINGFIELD MA 20291
PISTOLS MFG,2004,60410395 SMITH & WESSON CORP 2100 ROOSEVELT AVE SPRINGFIELD MA 6115
PISTOLS MFG,2004,60410395 SMITH & WESSON CORP 2100 ROOSEVELT AVE SPRINGFIELD MA 6324 1768 37609 51840 18467 30081 146089
RIFLE EXP,2000,60410395 SMITH & WESSON CORP 2100 ROOSEVELT AVE SPRINGFIELD MA 0 0 0 0 37042 32973 70015
RIFLE EXP,2000,60410395 SMITH & WESSON CORP 2100 ROOSEVELT AVE SPRINGFIELD MA 40414
RIFLE EXP,2000,60410395 SMITH & WESSON CORP 2100 ROOSEVELT AVE SPRINGFIELD MA 8608
RIFLE EXP,2000,60410395 SMITH & WESSON CORP 2100 ROOSEVELT AVE SPRINGFIELD MA 8645 136 47895 50729 19639 3543 130587
RIFLE EXP,2001,60410395 SMITH & WESSON CORP 2100 ROOSEVELT AVE SPRINGFIELD MA 0 0 0 0 32486 21182 53668
RIFLE EXP,2001,60410395 SMITH & WESSON CORP 2100 ROOSEVELT AVE SPRINGFIELD MA 26377
RIFLE EXP,2001,60410395 SMITH & WESSON CORP 2100 ROOSEVELT AVE SPRINGFIELD MA 9089
RIFLE EXP,2001,60410395 SMITH 8 WESSON CORP 2100 ROOSEVELT AVE SPRINGFIELD MA 4366 703 36068 40145 9088 1955 92325
RIFLE EXP,2002,60410395 SMITH & WESSON CORP 2100 ROOSEVELT AVE SPRINGFIELD MA 25810
RIFLE EXP,2002,60410395 SMITH & WESSON CORP 2100 ROOSEVELT AVE SPRINGFIELD MA 8002
RIFLE EXP,2002,60410395 SMITH 8 WESSON CORP 2100 ROOSEVELT AVE SPRINGFIELD MA 0 0 0 0 25445 28467 53912
RIFLE EXP,2002,60410395 SMITH 8 WESSON CORP 210078608EVELT AVE SPRINGFIELD MA 7169 1176 48723 41715 15399 3865 118047
RIFLE EXP,2003,60410395 SMITH & WESSON CORP 2100 ROOSEVELT AVE SPRINGFIELD MA 22058
RIFLE EXP,2003,60410395 SMITH & WESSON CORP 2100 ROOSEVELT AVE SPRINGFIELD MA 4844
RIFLE EXP,2003,60410395 SMITH 8 WESSON CORP 2100 ROOSEVELT AVE SPRINGFIELD MA 0 0 0 0 26020 40956 66976
RIFLE EXP,2003,60410395 SMITH 8 WESSON CORP 2100 ROOSEVELT AVE SPRINGFIELD MA 5701 512 34368 49639 18495 11683 120398
RIFLE EXP,2004,60410395 SMITH & WESSON CORP 2100 ROOSEVELT AVE SPRINGFIELD MA 0 0 0 32582 45321 77903
RIFLE EXP,2004,60410395 SMITH & WESSON CORP 2100 ROOSEVELT AVE SPRINGFIELD MA 20291
RIFLE EXP,2004,60410395 SMITH & WESSON CORP 2100 ROOSEVELT AVE SPRINGFIELD MA 6115
RIFLE EXP,2004,60410395 SMITH & WESSON CORP 2100 ROOSEVELT AVE SPRINGFIELD MA 6324 1768 37609 51840 18467 30081 146089
RIFLE MFG,2000,60410395 SMITH & WESSON CORP 2100 ROOSEVELT AVE SPRINGFIELD MA 0 0 0 0 37042 32973 70015
RIFLE MFG,2000,60410395 SMITH & WESSON CORP 2100 ROOSEVELT AVE SPRINGFIELD MA 40414
RIFLE MFG,2000,60410395 SMITH & WESSON CORP 2100 ROOSEVELT AVE SPRINGFIELD MA 8608
RIFLE MFG,2000,60410395 SMITH & WESSON CORP 2100 ROOSEVELT AVE SPRINGFIELD MA 8645 136 47895 50729 19639 3543 130587
RIFLE MFG,2001,60410395 SMITH & WESSON CORP 2100 ROOSEVELT AVE SPRINGFIELD MA 0 0 0 0 32486 21182 53668
RIFLE MFG,2001,60410395 SMITH & WESSON CORP 2100 ROOSEVELT AVE SPRINGFIELD MA 26377
RIFLE MFG,2001,60410395 SMITH & WESSON CORP 2100 ROOSEVELT AVE SPRINGFIELD MA 9089
RIFLE MFG,2001,60410395 SMITH 8 WESSON CORP 2100 ROOSEVELT AVE SPRINGFIELD MA 4366 703 36068 40145 9088 1955 92325
RIFLE MFG,2002,60410395 SMITH & WESSON CORP 2100 ROOSEVELT AVE SPRINGFIELD MA 25810
RIFLE MFG,2002,60410395 SMITH & WESSON CORP 2100 ROOSEVELT AVE SPRINGFIELD MA 8002
RIFLE MFG,2002,60410395 SMITH 8 WESSON CORP 2100 ROOSEVELT AVE SPRINGFIELD MA 0 0 0 0 25445 28467 53912
RIFLE MFG,2002,60410395 SMITH 8 WESSON CORP 210078608EVELT AVE SPRINGFIELD MA 7169 1176 48723 41715 15399 3865 118047
RIFLE MFG,2003,60410395 SMITH & WESSON CORP 2100 ROOSEVELT AVE SPRINGFIELD MA 22058
RIFLE MFG,2003,60410395 SMITH & WESSON CORP 2100 ROOSEVELT AVE SPRINGFIELD MA 4844
RIFLE MFG,2003,60410395 SMITH 8 WESSON CORP 2100 ROOSEVELT AVE SPRINGFIELD MA 0 0 0 0 26020 40956 66976
RIFLE MFG,2003,60410395 SMITH 8 WESSON CORP 2100 ROOSEVELT AVE SPRINGFIELD MA 5701 512 34368 49639 18495 11683 120398
RIFLE MFG,2004,60410395 SMITH & WESSON CORP 2100 ROOSEVELT AVE SPRINGFIELD MA 0 0 0 32582 45321 77903
RIFLE MFG,2004,60410395 SMITH & WESSON CORP 2100 ROOSEVELT AVE SPRINGFIELD MA 20291
RIFLE MFG,2004,60410395 SMITH & WESSON CORP 2100 ROOSEVELT AVE SPRINGFIELD MA 6115
RIFLE MFG,2004,60410395 SMITH & WESSON CORP 2100 ROOSEVELT AVE SPRINGFIELD MA 6324 1768 37609 51840 18467 30081 146089
RVLR EXP,2000,60410395 SMITH & WESSON CORP 2100 ROOSEVELT AVE SPRINGFIELD MA 0 0 0 0 37042 32973 70015
RVLR EXP,2000,60410395 SMITH & WESSON CORP 2100 ROOSEVELT AVE SPRINGFIELD MA 40414
RVLR EXP,2000,60410395 SMITH & WESSON CORP 2100 ROOSEVELT AVE SPRINGFIELD MA 8608
RVLR EXP,2000,60410395 SMITH & WESSON CORP 2100 ROOSEVELT AVE SPRINGFIELD MA 8645 136 47895 50729 19639 3543 130587
RVLR EXP,2001,60410395 SMITH & WESSON CORP 2100 ROOSEVELT AVE SPRINGFIELD MA 0 0 0 0 32486 21182 53668
RVLR EXP,2001,60410395 SMITH & WESSON CORP 2100 ROOSEVELT AVE SPRINGFIELD MA 26377
RVLR EXP,2001,60410395 SMITH & WESSON CORP 2100 ROOSEVELT AVE SPRINGFIELD MA 9089
RVLR EXP,2001,60410395 SMITH 8 WESSON CORP 2100 ROOSEVELT AVE SPRINGFIELD MA 4366 703 36068 40145 9088 1955 92325
RVLR EXP,2002,60410395 SMITH & WESSON CORP 2100 ROOSEVELT AVE SPRINGFIELD MA 25810
RVLR EXP,2002,60410395 SMITH & WESSON CORP 2100 ROOSEVELT AVE SPRINGFIELD MA 8002
RVLR EXP,2002,60410395 SMITH 8 WESSON CORP 2100 ROOSEVELT AVE SPRINGFIELD MA 0 0 0 0 25445 28467 53912
RVLR EXP,2002,60410395 SMITH 8 WESSON CORP 210078608EVELT AVE SPRINGFIELD MA 7169 1176 48723 41715 15399 3865 118047
RVLR EXP,2003,60410395 SMITH & WESSON CORP 2100 ROOSEVELT AVE SPRINGFIELD MA 22058
RVLR EXP,2003,60410395 SMITH & WESSON CORP 2100 ROOSEVELT AVE SPRINGFIELD MA 4844
RVLR EXP,2003,60410395 SMITH 8 WESSON CORP 2100 ROOSEVELT AVE SPRINGFIELD MA 0 0 0 0 26020 40956 66976
RVLR EXP,2003,60410395 SMITH 8 WESSON CORP 2100 ROOSEVELT AVE SPRINGFIELD MA 5701 512 34368 49639 18495 11683 120398
RVLR EXP,2004,60410395 SMITH & WESSON CORP 2100 ROOSEVELT AVE SPRINGFIELD MA 0 0 0 32582 45321 77903
RVLR EXP,2004,60410395 SMITH & WESSON CORP 2100 ROOSEVELT AVE SPRINGFIELD MA 20291
RVLR EXP,2004,60410395 SMITH & WESSON CORP 2100 ROOSEVELT AVE SPRINGFIELD MA 6115
RVLR EXP,2004,60410395 SMITH & WESSON CORP 2100 ROOSEVELT AVE SPRINGFIELD MA 6324 1768 37609 51840 18467 30081 146089
RVLR MFG,2000,60410395 SMITH & WESSON CORP 2100 ROOSEVELT AVE SPRINGFIELD MA 0 0 0 0 37042 32973 70015
RVLR MFG,2000,60410395 SMITH & WESSON CORP 2100 ROOSEVELT AVE SPRINGFIELD MA 40414
RVLR MFG,2000,60410395 SMITH & WESSON CORP 2100 ROOSEVELT AVE SPRINGFIELD MA 8608
RVLR MFG,2000,60410395 SMITH & WESSON CORP 2100 ROOSEVELT AVE SPRINGFIELD MA 8645 136 47895 50729 19639 3543 130587
RVLR MFG,2001,60410395 SMITH & WESSON CORP 2100 ROOSEVELT AVE SPRINGFIELD MA 0 0 0 0 32486 21182 53668
RVLR MFG,2001,60410395 SMITH & WESSON CORP 2100 ROOSEVELT AVE SPRINGFIELD MA 26377
RVLR MFG,2001,60410395 SMITH & WESSON CORP 2100 ROOSEVELT AVE SPRINGFIELD MA 9089
RVLR MFG,2001,60410395 SMITH 8 WESSON CORP 2100 ROOSEVELT AVE SPRINGFIELD MA 4366 703 36068 40145 9088 1955 92325
RVLR MFG,2002,60410395 SMITH & WESSON CORP 2100 ROOSEVELT AVE SPRINGFIELD MA 25810
RVLR MFG,2002,60410395 SMITH & WESSON CORP 2100 ROOSEVELT AVE SPRINGFIELD MA 8002
RVLR MFG,2002,60410395 SMITH 8 WESSON CORP 2100 ROOSEVELT AVE SPRINGFIELD MA 0 0 0 0 25445 28467 53912
RVLR MFG,2002,60410395 SMITH 8 WESSON CORP 210078608EVELT AVE SPRINGFIELD MA 7169 1176 48723 41715 15399 3865 118047
RVLR MFG,2003,60410395 SMITH & WESSON CORP 2100 ROOSEVELT AVE SPRINGFIELD MA 22058
RVLR MFG,2003,60410395 SMITH & WESSON CORP 2100 ROOSEVELT AVE SPRINGFIELD MA 4844
RVLR MFG,2003,60410395 SMITH 8 WESSON CORP 2100 ROOSEVELT AVE SPRINGFIELD MA 0 0 0 0 26020 40956 66976
RVLR MFG,2003,60410395 SMITH 8 WESSON CORP 2100 ROOSEVELT AVE SPRINGFIELD MA 5701 512 34368 49639 18495 11683 120398
RVLR MFG,2004,60410395 SMITH & WESSON CORP 2100 ROOSEVELT AVE SPRINGFIELD MA 0 0 0 32582 45321 77903
RVLR MFG,2004,60410395 SMITH & WESSON CORP 2100 ROOSEVELT AVE SPRINGFIELD MA 20291
RVLR MFG,2004,60410395 SMITH & WESSON CORP 2100 ROOSEVELT AVE SPRINGFIELD MA 6115
RVLR MFG,2004,60410395 SMITH & WESSON CORP 2100 ROOSEVELT AVE SPRINGFIELD MA 6324 1768 37609 51840 18467 30081 146089
SHOTGUN EXP,2000,60410395 SMITH & WESSON CORP 2100 ROOSEVELT AVE SPRINGFIELD MA 0 0 0 0 37042 32973 70015
SHOTGUN EXP,2000,60410395 SMITH & WESSON CORP 2100 ROOSEVELT AVE SPRINGFIELD MA 40414
SHOTGUN EXP,2000,60410395 SMITH & WESSON CORP 2100 ROOSEVELT AVE SPRINGFIELD MA 8608
SHOTGUN EXP,2000,60410395 SMITH & WESSON CORP 2100 ROOSEVELT AVE SPRINGFIELD MA 8645 136 47895 50729 19639 3543 130587
SHOTGUN EXP,2001,60410395 SMITH & WESSON CORP 2100 ROOSEVELT AVE SPRINGFIELD MA 0 0 0 0 32486 21182 53668
SHOTGUN EXP,2001,60410395 SMITH & WESSON CORP 2100 ROOSEVELT AVE SPRINGFIELD MA 26377
SHOTGUN EXP,2001,60410395 SMITH & WESSON CORP 2100 ROOSEVELT AVE SPRINGFIELD MA 9089
SHOTGUN EXP,2001,60410395 SMITH 8 WESSON CORP 2100 ROOSEVELT AVE SPRINGFIELD MA 4366 703 36068 40145 9088 1955 92325
SHOTGUN EXP,2002,60410395 SMITH & WESSON CORP 2100 ROOSEVELT AVE SPRINGFIELD MA 25810
SHOTGUN EXP,2002,60410395 SMITH & WESSON CORP 2100 ROOSEVELT AVE SPRINGFIELD MA 8002
SHOTGUN EXP,2002,60410395 SMITH 8 WESSON CORP 2100 ROOSEVELT AVE SPRINGFIELD MA 0 0 0 0 25445 28467 53912
SHOTGUN EXP,2002,60410395 SMITH 8 WESSON CORP 210078608EVELT AVE SPRINGFIELD MA 7169 1176 48723 41715 15399 3865 118047
SHOTGUN EXP,2003,60410395 SMITH & WESSON CORP 2100 ROOSEVELT AVE SPRINGFIELD MA 22058
SHOTGUN EXP,2003,60410395 SMITH & WESSON CORP 2100 ROOSEVELT AVE SPRINGFIELD MA 4844
SHOTGUN EXP,2003,60410395 SMITH 8 WESSON CORP 2100 ROOSEVELT AVE SPRINGFIELD MA 0 0 0 0 26020 40956 66976
SHOTGUN EXP,2003,60410395 SMITH 8 WESSON CORP 2100 ROOSEVELT AVE SPRINGFIELD MA 5701 512 34368 49639 18495 11683 120398
SHOTGUN EXP,2004,60410395 SMITH & WESSON CORP 2100 ROOSEVELT AVE SPRINGFIELD MA 0 0 0 32582 45321 77903
SHOTGUN EXP,2004,60410395 SMITH & WESSON CORP 2100 ROOSEVELT AVE SPRINGFIELD MA 20291
SHOTGUN EXP,2004,60410395 SMITH & WESSON CORP 2100 ROOSEVELT AVE SPRINGFIELD MA 6115
SHOTGUN EXP,2004,60410395 SMITH & WESSON CORP 2100 ROOSEVELT AVE SPRINGFIELD MA 6324 1768 37609 51840 18467 30081 146089
SHOTGUN MFG,2000,60410395 SMITH & WESSON CORP 2100 ROOSEVELT AVE SPRINGFIELD MA 0 0 0 0 37042 32973 70015
SHOTGUN MFG,2000,60410395 SMITH & WESSON CORP 2100 ROOSEVELT AVE SPRINGFIELD MA 40414
SHOTGUN MFG,2000,60410395 SMITH & WESSON CORP 2100 ROOSEVELT AVE SPRINGFIELD MA 8608
SHOTGUN MFG,2000,60410395 SMITH & WESSON CORP 2100 ROOSEVELT AVE SPRINGFIELD MA 8645 136 47895 50729 19639 3543 130587
SHOTGUN MFG,2001,60410395 SMITH & WESSON CORP 2100 ROOSEVELT AVE SPRINGFIELD MA 0 0 0 0 32486 21182 53668
SHOTGUN MFG,2001,60410395 SMITH & WESSON CORP 2100 ROOSEVELT AVE SPRINGFIELD MA 26377
SHOTGUN MFG,2001,60410395 SMITH & WESSON CORP 2100 ROOSEVELT AVE SPRINGFIELD MA 9089
SHOTGUN MFG,2001,60410395 SMITH 8 WESSON CORP 2100 ROOSEVELT AVE SPRINGFIELD MA 4366 703 36068 40145 9088 1955 92325
SHOTGUN MFG,2002,60410395 SMITH & WESSON CORP 2100 ROOSEVELT AVE SPRINGFIELD MA 25810
SHOTGUN MFG,2002,60410395 SMITH & WESSON CORP 2100 ROOSEVELT AVE SPRINGFIELD MA 8002
SHOTGUN MFG,2002,60410395 SMITH 8 WESSON CORP 2100 ROOSEVELT AVE SPRINGFIELD MA 0 0 0 0 25445 28467 53912
SHOTGUN MFG,2002,60410395 SMITH 8 WESSON CORP 210078608EVELT AVE SPRINGFIELD MA 7169 1176 48723 41715 15399 3865 118047
SHOTGUN MFG,2003,60410395 SMITH & WESSON CORP 2100 ROOSEVELT AVE SPRINGFIELD MA 22058
SHOTGUN MFG,2003,60410395 SMITH & WESSON CORP 2100 ROOSEVELT AVE SPRINGFIELD MA 4844
SHOTGUN MFG,2003,60410395 SMITH 8 WESSON CORP 2100 ROOSEVELT AVE SPRINGFIELD MA 0 0 0 0 26020 40956 66976
SHOTGUN MFG,2003,60410395 SMITH 8 WESSON CORP 2100 ROOSEVELT AVE SPRINGFIELD MA 5701 512 34368 49639 18495 11683 120398
SHOTGUN MFG,2004,60410395 SMITH & WESSON CORP 2100 ROOSEVELT AVE SPRINGFIELD MA 0 0 0 32582 45321 77903
SHOTGUN MFG,2004,60410395 SMITH & WESSON CORP 2100 ROOSEVELT AVE SPRINGFIELD MA 20291
SHOTGUN MFG,2004,60410395 SMITH & WESSON CORP 2100 ROOSEVELT AVE SPRINGFIELD MA 6115
SHOTGUN MFG,2004,60410395 SMITH & WESSON CORP 2100 ROOSEVELT AVE SPRINGFIELD MA 6324 1768 37609 51840 18467 30081 146089
