MISC FA MFG,2016,60602599 DELTA ARSENAL LLC 342 QUINNIPIAC ST BLD 8 WALLINGFORD CT 25
MISC FA MFG,2018,60602599 DELTA ARSENAL LLC 342 QUINNIPIAC ST BLD 8 WALLINGFORD CT 70
PISTOL EXP,2014,60602599 DELTA ARSENAL LLC 342 QUINNIPIAC ST BLD 8 WALLINGFORD CT 0 0 0 2 2
PISTOL EXP,2016,60602599 DELTA ARSENAL LLC 342 QUINNIPIAC ST BLD 8 WALLINGFORD CT 0 0 0 0 1 1
PISTOL EXP,2016,60602599 DELTA ARSENAL LLC 342 QUINNIPIAC ST BLD 8 WALLINGFORD CT 25
PISTOL EXP,2018,60602599 DELTA ARSENAL LLC 342 QUINNIPIAC ST BLD 8 WALLINGFORD CT 70
PISTOLS MFG,2014,60602599 DELTA ARSENAL LLC 342 QUINNIPIAC ST BLD 8 WALLINGFORD CT 0 0 0 2 2
PISTOLS MFG,2016,60602599 DELTA ARSENAL LLC 342 QUINNIPIAC ST BLD 8 WALLINGFORD CT 0 0 0 0 1 1
PISTOLS MFG,2016,60602599 DELTA ARSENAL LLC 342 QUINNIPIAC ST BLD 8 WALLINGFORD CT 25
PISTOLS MFG,2018,60602599 DELTA ARSENAL LLC 342 QUINNIPIAC ST BLD 8 WALLINGFORD CT 70
RIFLE EXP,2014,60602599 DELTA ARSENAL LLC 342 QUINNIPIAC ST BLD 8 WALLINGFORD CT 0 0 0 2 2
RIFLE EXP,2016,60602599 DELTA ARSENAL LLC 342 QUINNIPIAC ST BLD 8 WALLINGFORD CT 0 0 0 0 1 1
RIFLE EXP,2016,60602599 DELTA ARSENAL LLC 342 QUINNIPIAC ST BLD 8 WALLINGFORD CT 25
RIFLE EXP,2018,60602599 DELTA ARSENAL LLC 342 QUINNIPIAC ST BLD 8 WALLINGFORD CT 70
RIFLE MFG,2014,60602599 DELTA ARSENAL LLC 342 QUINNIPIAC ST BLD 8 WALLINGFORD CT 0 0 0 2 2
RIFLE MFG,2016,60602599 DELTA ARSENAL LLC 342 QUINNIPIAC ST BLD 8 WALLINGFORD CT 0 0 0 0 1 1
RIFLE MFG,2016,60602599 DELTA ARSENAL LLC 342 QUINNIPIAC ST BLD 8 WALLINGFORD CT 25
RIFLE MFG,2018,60602599 DELTA ARSENAL LLC 342 QUINNIPIAC ST BLD 8 WALLINGFORD CT 70
RVLR EXP,2014,60602599 DELTA ARSENAL LLC 342 QUINNIPIAC ST BLD 8 WALLINGFORD CT 0 0 0 2 2
RVLR EXP,2016,60602599 DELTA ARSENAL LLC 342 QUINNIPIAC ST BLD 8 WALLINGFORD CT 0 0 0 0 1 1
RVLR EXP,2016,60602599 DELTA ARSENAL LLC 342 QUINNIPIAC ST BLD 8 WALLINGFORD CT 25
RVLR EXP,2018,60602599 DELTA ARSENAL LLC 342 QUINNIPIAC ST BLD 8 WALLINGFORD CT 70
RVLR MFG,2014,60602599 DELTA ARSENAL LLC 342 QUINNIPIAC ST BLD 8 WALLINGFORD CT 0 0 0 2 2
RVLR MFG,2016,60602599 DELTA ARSENAL LLC 342 QUINNIPIAC ST BLD 8 WALLINGFORD CT 0 0 0 0 1 1
RVLR MFG,2016,60602599 DELTA ARSENAL LLC 342 QUINNIPIAC ST BLD 8 WALLINGFORD CT 25
RVLR MFG,2018,60602599 DELTA ARSENAL LLC 342 QUINNIPIAC ST BLD 8 WALLINGFORD CT 70
SHOTGUN EXP,2014,60602599 DELTA ARSENAL LLC 342 QUINNIPIAC ST BLD 8 WALLINGFORD CT 0 0 0 2 2
SHOTGUN EXP,2016,60602599 DELTA ARSENAL LLC 342 QUINNIPIAC ST BLD 8 WALLINGFORD CT 0 0 0 0 1 1
SHOTGUN EXP,2016,60602599 DELTA ARSENAL LLC 342 QUINNIPIAC ST BLD 8 WALLINGFORD CT 25
SHOTGUN EXP,2018,60602599 DELTA ARSENAL LLC 342 QUINNIPIAC ST BLD 8 WALLINGFORD CT 70
SHOTGUN MFG,2014,60602599 DELTA ARSENAL LLC 342 QUINNIPIAC ST BLD 8 WALLINGFORD CT 0 0 0 2 2
SHOTGUN MFG,2016,60602599 DELTA ARSENAL LLC 342 QUINNIPIAC ST BLD 8 WALLINGFORD CT 0 0 0 0 1 1
SHOTGUN MFG,2016,60602599 DELTA ARSENAL LLC 342 QUINNIPIAC ST BLD 8 WALLINGFORD CT 25
SHOTGUN MFG,2018,60602599 DELTA ARSENAL LLC 342 QUINNIPIAC ST BLD 8 WALLINGFORD CT 70
