MISC FA EXP,2011,82304672 ACU SECURE ENTERPRISE LLC 26 W BROAD STE 105 BETHLEHEM PA 5
MISC FA MFG,2011,82304672 ACU SECURE ENTERPRISE LLC 26 W BROAD STE 105 BETHLEHEM PA 5
PISTOL EXP,2011,82304672 ACU SECURE ENTERPRISE LLC 26 W BROAD STE 105 BETHLEHEM PA 5
PISTOLS MFG,2011,82304672 ACU SECURE ENTERPRISE LLC 26 W BROAD STE 105 BETHLEHEM PA 5
RIFLE EXP,2011,82304672 ACU SECURE ENTERPRISE LLC 26 W BROAD STE 105 BETHLEHEM PA 5
RIFLE MFG,2011,82304672 ACU SECURE ENTERPRISE LLC 26 W BROAD STE 105 BETHLEHEM PA 5
RVLR EXP,2011,82304672 ACU SECURE ENTERPRISE LLC 26 W BROAD STE 105 BETHLEHEM PA 5
RVLR MFG,2011,82304672 ACU SECURE ENTERPRISE LLC 26 W BROAD STE 105 BETHLEHEM PA 5
SHOTGUN EXP,2011,82304672 ACU SECURE ENTERPRISE LLC 26 W BROAD STE 105 BETHLEHEM PA 5
SHOTGUN MFG,2011,82304672 ACU SECURE ENTERPRISE LLC 26 W BROAD STE 105 BETHLEHEM PA 5
