MISC FA EXP,2007,99301016 BANG ARMS LLC 2120 SE 48TH AVENUE H|LLSBORO OR 50
MISC FA EXP,2008,99301016 BANG ARMS LLC 2120 SE 48TH AVENUE H|LLSBORO OR 50
MISC FA MFG,2007,99301016 BANG ARMS LLC 2120 SE 48TH AVENUE H|LLSBORO OR 50
MISC FA MFG,2008,99301016 BANG ARMS LLC 2120 SE 48TH AVENUE H|LLSBORO OR 50
PISTOL EXP,2007,99301016 BANG ARMS LLC 2120 SE 48TH AVENUE H|LLSBORO OR 50
PISTOL EXP,2008,99301016 BANG ARMS LLC 2120 SE 48TH AVENUE H|LLSBORO OR 50
PISTOLS MFG,2007,99301016 BANG ARMS LLC 2120 SE 48TH AVENUE H|LLSBORO OR 50
PISTOLS MFG,2008,99301016 BANG ARMS LLC 2120 SE 48TH AVENUE H|LLSBORO OR 50
RIFLE EXP,2007,99301016 BANG ARMS LLC 2120 SE 48TH AVENUE H|LLSBORO OR 50
RIFLE EXP,2008,99301016 BANG ARMS LLC 2120 SE 48TH AVENUE H|LLSBORO OR 50
RIFLE MFG,2007,99301016 BANG ARMS LLC 2120 SE 48TH AVENUE H|LLSBORO OR 50
RIFLE MFG,2008,99301016 BANG ARMS LLC 2120 SE 48TH AVENUE H|LLSBORO OR 50
RVLR EXP,2007,99301016 BANG ARMS LLC 2120 SE 48TH AVENUE H|LLSBORO OR 50
RVLR EXP,2008,99301016 BANG ARMS LLC 2120 SE 48TH AVENUE H|LLSBORO OR 50
RVLR MFG,2007,99301016 BANG ARMS LLC 2120 SE 48TH AVENUE H|LLSBORO OR 50
RVLR MFG,2008,99301016 BANG ARMS LLC 2120 SE 48TH AVENUE H|LLSBORO OR 50
SHOTGUN EXP,2007,99301016 BANG ARMS LLC 2120 SE 48TH AVENUE H|LLSBORO OR 50
SHOTGUN EXP,2008,99301016 BANG ARMS LLC 2120 SE 48TH AVENUE H|LLSBORO OR 50
SHOTGUN MFG,2007,99301016 BANG ARMS LLC 2120 SE 48TH AVENUE H|LLSBORO OR 50
SHOTGUN MFG,2008,99301016 BANG ARMS LLC 2120 SE 48TH AVENUE H|LLSBORO OR 50
