MISC FA EXP,2011,99303056 ATTERO ARMS AND ACCESSORIES LLC 8235 N KERBY AVE PORTLAND OR 1
MISC FA MFG,2011,99303056 ATTERO ARMS AND ACCESSORIES LLC 8235 N KERBY AVE PORTLAND OR 1
PISTOL EXP,2011,99303056 ATTERO ARMS AND ACCESSORIES LLC 8235 N KERBY AVE PORTLAND OR 1
PISTOL EXP,2016,99303056 ATTERO ARMS AND ACCESSORIES LLC 8235 N KERBY AVE PORTLAND OR 1
PISTOL EXP,2017,99303056 ATTERO ARMS AND ACCESSORIES LLC 8235 N KERBY AVE PORTLAND OR 1
PISTOLS MFG,2011,99303056 ATTERO ARMS AND ACCESSORIES LLC 8235 N KERBY AVE PORTLAND OR 1
PISTOLS MFG,2016,99303056 ATTERO ARMS AND ACCESSORIES LLC 8235 N KERBY AVE PORTLAND OR 1
PISTOLS MFG,2017,99303056 ATTERO ARMS AND ACCESSORIES LLC 8235 N KERBY AVE PORTLAND OR 1
RIFLE EXP,2011,99303056 ATTERO ARMS AND ACCESSORIES LLC 8235 N KERBY AVE PORTLAND OR 1
RIFLE EXP,2016,99303056 ATTERO ARMS AND ACCESSORIES LLC 8235 N KERBY AVE PORTLAND OR 1
RIFLE EXP,2017,99303056 ATTERO ARMS AND ACCESSORIES LLC 8235 N KERBY AVE PORTLAND OR 1
RIFLE MFG,2011,99303056 ATTERO ARMS AND ACCESSORIES LLC 8235 N KERBY AVE PORTLAND OR 1
RIFLE MFG,2016,99303056 ATTERO ARMS AND ACCESSORIES LLC 8235 N KERBY AVE PORTLAND OR 1
RIFLE MFG,2017,99303056 ATTERO ARMS AND ACCESSORIES LLC 8235 N KERBY AVE PORTLAND OR 1
RVLR EXP,2011,99303056 ATTERO ARMS AND ACCESSORIES LLC 8235 N KERBY AVE PORTLAND OR 1
RVLR EXP,2016,99303056 ATTERO ARMS AND ACCESSORIES LLC 8235 N KERBY AVE PORTLAND OR 1
RVLR EXP,2017,99303056 ATTERO ARMS AND ACCESSORIES LLC 8235 N KERBY AVE PORTLAND OR 1
RVLR MFG,2011,99303056 ATTERO ARMS AND ACCESSORIES LLC 8235 N KERBY AVE PORTLAND OR 1
RVLR MFG,2016,99303056 ATTERO ARMS AND ACCESSORIES LLC 8235 N KERBY AVE PORTLAND OR 1
RVLR MFG,2017,99303056 ATTERO ARMS AND ACCESSORIES LLC 8235 N KERBY AVE PORTLAND OR 1
SHOTGUN EXP,2011,99303056 ATTERO ARMS AND ACCESSORIES LLC 8235 N KERBY AVE PORTLAND OR 1
SHOTGUN EXP,2016,99303056 ATTERO ARMS AND ACCESSORIES LLC 8235 N KERBY AVE PORTLAND OR 1
SHOTGUN EXP,2017,99303056 ATTERO ARMS AND ACCESSORIES LLC 8235 N KERBY AVE PORTLAND OR 1
SHOTGUN MFG,2011,99303056 ATTERO ARMS AND ACCESSORIES LLC 8235 N KERBY AVE PORTLAND OR 1
SHOTGUN MFG,2016,99303056 ATTERO ARMS AND ACCESSORIES LLC 8235 N KERBY AVE PORTLAND OR 1
SHOTGUN MFG,2017,99303056 ATTERO ARMS AND ACCESSORIES LLC 8235 N KERBY AVE PORTLAND OR 1
